1125506397_15801322206131n_jpg.rf.0a60284a71b2d0ed77c002e768b39b00.jpg 44,106,89,175,0 138,134,185,192,0 489,97,554,167,0 688,78,760,164,0 290,55,428,202,0
r1p00017o80q34s9781_jpg.rf.1ef0de5c875f7e73138d8c9f988eb12e.jpg 328,43,547,345,0
pjecDNMmCUQmbDoJx1fdqolnfHtpsfFK8jTA2Ng0wNg_jpeg.rf.001be2b5923d35fa3118de329f14f583.jpg 202,253,373,453,0 515,337,683,525,0 757,204,970,484,0 1130,410,1292,601,0 1545,206,1784,520,0
1249493_jpg.rf.0bab72e6f8295a2ba03052383e7c3b7b.jpg 724,74,781,160,0 663,67,733,183,0 392,61,466,147,0 65,0,166,131,0
smartmi-3pcs-filter-mask-pm25-haze-dustproof-mask-with-vent_jpg.rf.23ce84d0cd7de25d814655d908bf475d.jpg 293,79,420,244,0 2,25,165,231,0
0_8w7mkX-PHcfMM5s6_jpeg.rf.039eb72a4757882968537a6ae94d198f.jpg 1827,37,1880,92,0 1759,60,1816,123,0 1711,194,1766,255,0 1621,192,1675,255,0 1516,284,1577,357,0 1677,268,1734,333,0 1821,209,1876,280,0 1930,97,1990,171,0 1870,210,1932,277,0 1786,345,1831,396,0 1714,399,1783,472,0 1666,349,1726,418,0 1586,377,1661,455,0 1957,625,1998,717,0 1806,397,1877,477,0 1786,545,1858,635,0 1745,591,1829,686,0 1433,505,1512,588,0 1346,524,1423,621,0 1396,574,1475,674,0 680,573,773,671,0 813,539,894,630,0 941,563,1034,667,0 864,688,949,788,0 1728,469,1797,549,0 1144,649,1241,758,0 862,685,862,685,0 893,745,994,853,0 93,889,218,1004,0 1743,1253,1865,1382,0 1398,679,1489,778,0 1338,694,1436,804,0 1838,677,1922,780,0 1824,765,1939,895,0 1834,1012,1926,1134,0 1750,1023,1862,1162,0 1436,1170,1560,1317,0 1242,1064,1352,1194,0 1149,965,1254,1088,0 1033,1128,1149,1252,0 875,1037,949,1134,0 755,1210,882,1343,0 440,1236,552,1357,0 703,805,798,897,0 528,723,612,817,0 475,775,574,881,0 721,909,798,1005,0 768,908,854,1020,0 598,1002,708,1120,0
11893820-3x2-xlarge_jpg.rf.1529b09bfee7d069f677ff513f6249eb.jpg 590,348,699,493,0 653,184,752,330,0 367,92,468,239,0 529,143,639,288,0 105,346,262,565,0
1_13_jpg.rf.042a2d0121bd5b62e8dd83506ea5ffc1.jpg 783,109,891,238,0 728,152,777,220,0 520,17,564,81,0 428,48,494,121,0 296,14,359,78,0 104,50,233,207,0
000b7b75-1600_jpg.rf.35b739ea6899972b07aab7225d341307.jpg 1197,218,1391,455,0 766,166,927,382,0 1,203,119,390,0 487,101,598,213,0 579,182,744,363,0 189,186,409,443,0
pollution-mask-CE5HYF_jpg.rf.1d7683c780033e0e32a5ad9d0e1aef33.jpg 820,265,1053,604,0 489,117,848,574,0
1024x576_939430607723_jpg.rf.37f5013ec76b10fb64a6d8623a22ab92.jpg 799,98,909,231,0 596,157,677,253,0 481,55,569,168,0 365,79,453,183,0 118,121,204,227,0 5,93,78,194,0
pic_list_out_2285_jpg.rf.397939882d421310a89ac13b244c8a6e.jpg 582,304,789,555,0 361,99,562,385,0
1125506397_15801322207071n_jpg.rf.28329b8b808690e5537d9bde5b8a0d91.jpg 774,8,844,92,0 632,19,710,121,0 443,133,514,226,0 379,49,448,138,0 332,90,378,148,0 211,56,294,159,0 137,33,202,111,0
upload-productImg-1527496119162_320_234_jpeg.rf.2630f815b6cc48c80dd42bf539300d26.jpg 49,35,459,499,0
RTX7CD4D-e1580252893876_jpg.rf.34b2faf56bf74f6c3edd88422a37355e.jpg 1166,71,1298,190,0 915,93,993,177,0 596,20,683,120,0 289,63,374,152,0
UDD3JG3E4JFQ5KSFNGQQ5REINU_jpg.rf.29625775de24b7ffdcccaf143b546669.jpg 1052,225,1196,410,0 915,175,1010,309,0 789,199,909,345,0 653,193,753,312,0 591,148,660,247,0 564,128,632,202,0 525,139,571,210,0 458,121,534,213,0 284,140,362,223,0 193,147,261,219,0 6,149,99,255,0
1140-travelers-at-hong-kong-airport_jpg.rf.4dac1dff15755783b3941a24fcdd12ae.jpg 939,4,1029,103,0 278,26,367,127,0 508,225,577,313,0
1579683152-0e3ba5698b090c0fda95caa5d2aa7b31_jpg.rf.3c5a6909252cc8ad7538ddb3b6a8c10d.jpg 800,5,1212,494,0
003_1024_jpeg.rf.3d3235de8495eb432dc3c54d17287980.jpg 878,120,1020,350,0 705,95,897,360,0 4,14,186,334,0
PHOTriZgIKIgsnNLdBJG75vj200203_1000x2000_jpg.rf.4dfc80ae4acc533c6120e47dd8e7fb1f.jpg 684,128,785,244,0 517,165,609,263,0 386,109,463,205,0 197,35,284,141,0
r1000019q679o5611r7_jpg.rf.4c8be6ea5c4f336654cb6f5bdb7db393.jpg 153,8,407,280,0
1024x737_09186876046_jpg.rf.4197293e6ba3db18b6fbb185616dab6c.jpg 609,156,734,348,0 888,78,1023,371,0 702,166,921,415,0 214,190,365,426,0 349,204,542,450,0 25,206,242,461,0
130624011830-malaysia-smog-students-horizontal-large-gallery_jpg.rf.1d1478ec7b2667aa240401f636d513c4.jpg 741,138,773,181,0 891,110,937,171,0 848,109,894,171,0 772,92,828,160,0 675,83,720,152,0 621,79,673,150,0 485,37,553,121,0 373,15,450,114,0 346,139,394,199,0 236,147,292,204,0 2,101,55,161,0 89,5,172,101,0
101d6660a8974050b613dd2e6bd59390_jpg.rf.52e1b68968d7307fab23c6bf5fc3cbbe.jpg 757,176,864,317,0 470,97,573,241,0 391,211,499,348,0 132,182,257,322,0
1580128422_jpg.rf.4496b0fe4afc307aa32966c8180bab49.jpg 823,333,930,479,0 710,270,797,397,0 559,309,675,442,0
1_R_kFK9pNLfKAuopY_lAaPQ_jpeg.rf.030922effaedbead963acea666441dbd.jpg 839,251,923,359,0 721,267,795,372,0
0602623232127-web-tete_jpg.rf.52602cb4d68c74a35808c767926ab622.jpg 333,226,482,432,0 644,14,734,124,0 808,94,915,226,0 1005,43,1192,255,0 818,320,1017,585,0
phppaNXxb_jpg.rf.5778b5bbecd03d86b9a529fa381adccf.jpg 99,48,193,157,0 318,61,401,166,0 423,34,496,129,0 491,87,583,198,0 665,224,745,324,0
shutterstock_584407723_jpg.rf.5535c41d1928154d8b5449d970e8a93f.jpg 790,126,862,208,0 527,132,623,267,0 321,171,404,265,0
soo1_jpg.rf.5ccb9b3550a3813e3023a3bb32a53904.jpg 841,201,979,381,0 506,191,708,389,0 245,219,419,422,0
rawImage_jpg.rf.5b637f36f129574b6e0931ecd3f63f7e.jpg 1594,231,2003,778,0 1122,34,1426,372,0 834,105,1062,437,0 402,355,726,773,0 154,13,475,335,0
135e-huxwryw6451820_jpg.rf.7119d8f128c2493e3340654b03e2b6e3.jpg 50,2,505,638,0
soooo_jpg.rf.6e7754eae524b488b9d6cbacaa578592.jpg 590,123,662,200,0 200,216,368,377,0 174,125,263,209,0
TB2R28UvUOWBKNjSZKzXXXfWFXa_1116877752_jpg.rf.68b5da162013bf7f4301937f553139a5.jpg 442,156,729,491,0 106,77,396,420,0
W37H3GWNO5EV5HTJQNP4KLIRGI_jpg.rf.71c3c2741aa5f60a7d0a569679b2796c.jpg 493,71,736,311,0
1580053154-5839_jpg.rf.54f3c805dfdfed25f320f6a5bba80000.jpg 74,73,255,317,0 708,3,824,158,0 897,7,1057,226,0 638,62,769,294,0 474,57,630,261,0 217,108,400,387,0 575,272,745,527,0
purchase-reauisition-5de4d0f99c77d_jpg.rf.656f7e39f5600537f91019731c9b25fc.jpg 317,382,450,586,0 393,374,595,607,0 642,413,711,546,0 980,443,1050,563,0 1390,423,1481,553,0 1107,277,1432,588,0 657,139,1036,609,0
shutterstock_289132226_jpg.rf.749c60ddb7bf3d9db9313ff21cb80f77.jpg 640,105,791,256,0 422,84,574,239,0 188,69,330,241,0
Smog-Mask-PM2-5-Carbon-Filter-Face-Masks-Fog-Dust-Air-Cleaner-anti-pollution-Face-Protector_jpg.rf.6cfed8b6d7c3b9b71b2d6cd8e83da420.jpg 47,382,218,627,0 297,382,494,636,0 573,383,740,623,0 570,39,729,268,0 302,45,466,269,0 51,45,207,275,0
IMG_56902_jpg.rf.7198a97a65ae7dde21284ca6e356f7a8.jpg 1616,1595,2098,2224,0 847,1640,1371,2307,0
stsciRq_png.rf.66178fabcc0b39f7ec45ba1ff1b5d535.jpg 274,1245,587,1585,0 200,423,637,950,0
1029731146_jpg.rf.79ab2cda85860fd020cfdc660f6368ec.jpg 775,52,949,283,0 377,19,614,346,0 136,123,297,354,0
thumbnail-ba5c72edb320b49a69e86b05775c49b2-scaled-1_jpeg.rf.895025faf5bf05dfb07e227090cb5d56.jpg 208,145,243,182,0 914,2,1017,126,0 665,57,768,166,0 498,46,596,156,0 397,39,480,138,0 258,95,332,182,0 129,82,194,154,0 27,88,98,160,0
-1x-1_jpg.rf.69d9b61e3cdb8a9047dad25099fcc8ef.jpg 1757,313,1943,541,0 1546,139,1710,340,0 1442,478,1655,726,0 1258,52,1434,276,0 6,598,506,1186,0 428,91,615,313,0 596,72,787,338,0 866,403,1075,685,0
004_1024_jpeg.rf.8387cade019b2c139de783457af677ae.jpg 326,48,574,331,0
US-expands-coronavirus-screenings-United-suspends-some-flights-to-China_jpg.rf.7684e0ecdea4004bc109f5482badee55.jpg 455,23,712,272,0
unnamed_jpg.rf.8bacd81300f96cc2abf8845595a2e160.jpg 206,48,240,89,0 208,68,253,120,0 173,79,230,140,0 325,61,369,111,0 426,19,461,57,0 436,47,469,96,0 384,56,437,113,0 416,95,493,178,0 236,31,314,122,0 12,27,73,105,0 47,70,140,169,0
1155x768_20200129000089_jpg.rf.73137126ad09e8cf09315eb31ea51592.jpg 884,121,1022,444,0 701,186,820,326,0 401,181,540,364,0 67,182,139,265,0
001_1024_jpeg.rf.82de51e9c6db87b2941a34e6c65de14a.jpg 860,336,917,407,0 785,238,869,330,0 709,290,784,374,0 605,230,721,337,0 204,0,375,198,0 472,119,600,267,0
1580048340614_jpg.rf.83b5517bbfbf2e2ac0b103bec1bd4dfd.jpg 643,350,840,559,0 603,121,703,299,0 897,154,993,293,0 878,37,954,136,0 726,150,822,278,0 477,105,621,307,0 359,188,473,345,0 200,223,330,410,0 6,242,185,519,0
1303078448-China-Coronavirus-Death-Toll-Hits-304_jpg.rf.867ecfe8a19d95c4f6a3a59f0bcc963e.jpg 205,16,338,201,0
1482202839575_jpg.rf.96a5e5e802e33ad574636b271b779c99.jpg 762,163,848,257,0
thai_cov-transmission030220_jpg.rf.91be1af29fa03c14769c8547e6b38978.jpg 1121,60,1199,141,0 716,108,779,244,0 411,19,562,251,0 218,2,449,180,0 529,95,625,268,0 608,68,723,236,0 1367,128,1430,227,0 1171,105,1245,216,0 1217,85,1349,219,0 1057,97,1185,238,0 904,33,1028,178,0 932,122,1072,294,0 952,347,1112,533,0
TASS38012699_jpg.rf.92600e25dc48c12c43d41929c45756ac.jpg 559,85,687,239,0
so19_jpg.rf.97eeeb08001d4cbdb544ac3a57ff5ef3.jpg 1254,335,1535,616,0 716,214,912,413,0 230,400,423,560,0
012420_coronoa_masks_web_jpg.rf.aa87c46891116535f04447105006c814.jpg 1531,6,1637,72,0 1691,417,1884,673,0 1637,47,1803,282,0 1362,11,1525,188,0 1141,252,1325,474,0 1181,5,1340,184,0 861,10,1033,178,0 419,7,576,172,0 864,186,1027,393,0 906,577,1090,812,0 997,684,1214,927,0 627,845,837,1060,0 6,751,190,1013,0 245,577,388,779,0 152,651,332,877,0 48,105,220,292,0 449,272,649,486,0
0002526673_jpg.rf.a13de6faa0e2e5250d913ccf27b4c769.jpg 170,227,213,272,0 392,174,513,316,0
sgssgg_jpeg.rf.a62f9109a5f44bf8f88b9fd632b8e4de.jpg 130,367,223,519,0 2,327,164,516,0 229,452,367,598,0 290,266,397,377,0 388,233,474,337,0 562,319,677,437,0 640,228,738,327,0 808,293,894,398,0 915,349,1010,453,0 1008,378,1138,545,0
r1000019q689461s9r0_jpg.rf.a9a68a09d726331332a9a5eb0087e5b9.jpg 364,114,553,338,0
125895-untitled-design-30_jpg.rf.ac571fc87624d715f65c707a55fb6bc8.jpg 710,0,740,38,0 490,7,533,55,0 354,3,383,30,0 403,10,435,43,0 216,6,265,73,0 187,27,237,99,0 100,229,211,361,0 274,186,351,296,0 348,101,419,190,0 466,77,529,162,0 484,148,559,243,0 565,69,636,155,0 723,36,770,100,0 762,3,806,42,0 
w1240-p16x9-5f8aa310737f8e0e6c43d95a68a82b03b6f60106_jpg.rf.a456219c83b48269ce5adb48d513a350.jpg 48,76,141,196,0 158,120,255,233,0 328,80,397,153,0 404,56,488,155,0 543,108,617,192,0 729,135,785,216,0 1126,83,1208,184,0 1049,70,1134,168,0 894,76,980,179,0 816,128,929,268,0 762,112,864,250,0 669,94,744,201,0 465,111,538,200,0 370,122,474,222,0 487,259,600,367,0 604,93,681,189,0
0450908675_50159485_mutation-virus-chine-inquietude_jpg.rf.9c1d5309c1b4ecea3fda137b207462df.jpg 1285,56,1472,268,0 884,1,1061,184,0 1005,360,1170,529,0 416,1,579,166,1
r1p00017o8357s6sno6_jpg.rf.adeceb3bde01bf771fb86d3494cdc1c6.jpg 259,6,461,262,0
RZXE24HFK5GSVKVSN57VCVPQ4M_jpg.rf.9fa4f828cb9b4ee616446dff730d55f8.jpg 444,160,491,210,0 576,152,638,221,0 735,166,834,277,0 868,182,944,263,0 1067,159,1150,274,0 265,108,338,200,0
sdsdsff_jpg.rf.a8a15416549f7048fee1764231a9d0eb.jpg 383,64,437,126,0 304,69,366,129,0 202,83,253,140,0 110,69,154,125,0 8,79,52,131,0
ST_20190917_SPTHAZE_5120715_jpg.rf.a9db11227a9e6e324c5a57d0ad8716cd.jpg 631,4,755,99,0 458,1,551,100,0 302,0,392,98,0 263,110,406,273,0 517,113,649,268,0 156,293,483,516,0 30,27,186,236,0
virus_jpg.rf.b9f52d79c98588703b7d55cfc9cd7a78.jpg 675,157,757,229,0 541,135,628,229,0 330,181,402,251,0 202,130,284,203,0 29,46,138,160,0
1000x-1_jpg.rf.8ec74a748fd78ac625bf40b9cc3f276d.jpg 417,141,539,327,0 23,130,173,332,0
PRI_129079114_1580299603_195_jpg.rf.bdee5eb2f33604b0a266cb99611d37a4.jpg 1115,389,1693,1178,0 294,121,1112,1142,0
0209-00176-076b1_jpg.rf.c95d18e12451276a0312e27c9389ef4c.jpg 446,9,560,157,0 226,37,327,152,0
15-08608-001_jpg.rf.b6002e422a9fa0b261b1c038574326d8.jpg 616,118,707,249,0 498,8,590,141,0 229,37,311,179,0
012106_jpg_1140x855_jpg.rf.b2002b96c6972613f93d98f69f0efdee.jpg 612,45,979,519,0
1477443223-1445746883_jpg.rf.c73a19f37296ace6c3cd12ba54eec28a.jpg 490,55,742,369,0 26,74,243,323,0
-I1-MS09uaqsLdGTFkgnS0Rcg1mmPyAj95ySg_eckoM_jpeg.rf.b60002517c9371bba207314a49452cf1.jpg 903,43,1194,347,0
rally-c062c7b234046ead0701f794e6311faf.jpg 339,240,433,341,0 1373,420,1458,505,0 1350,317,1414,395,0 1104,388,1173,463,0 1316,380,1401,483,0 1013,363,1098,481,0 1146,208,1345,433,0 667,63,835,263,0 325,319,428,441,0 122,209,296,461,0 17,387,152,516,0 9,226,121,367,0
PhotoGrid_1580452532909_jpg.rf.d262d228da16f4c2dd6e613288aee5df.jpg 1700,222,1812,346,0 1471,246,1593,368,0 1312,221,1419,329,0 1153,225,1253,334,0 997,189,1090,292,0 759,192,864,304,0 566,158,661,271,0 465,121,550,232,0 371,200,474,326,0 197,197,305,323,0 8,185,110,313,0
ST_20170401_EASAND_3046471_jpg.rf.ca0eebad80feebefc05d7c52c0f11d65.jpg 649,11,746,123,0 616,34,682,133,0 531,24,626,138,0 462,44,541,159,0 400,78,488,190,0 345,61,425,169,0 142,80,238,189,0 8,80,93,186,0
w1240-p16x9-6f1db5e0460631cfa98d2d6d8032942f81700bb0_jpg.rf.c35a2f1369d4d99b16a229d0f0d443e4.jpg 785,66,1042,392,0 426,204,702,500,0 114,339,342,585,0
virus_protection123_jpg.rf.b863088fea960d1630687e0d59cbce9a.jpg 547,2,701,190,0 321,71,432,207,0 172,44,275,161,0 32,118,125,210,0
1422808187-3291816118_jpg.rf.c4f6e44a8611a820f164374b8cc11c17.jpg 257,132,532,457,0
1553605632_9d5877d8_60_jpg.rf.dac19d9ceded61285f48c70d285f0f49.jpg 803,615,859,683,0 868,579,954,708,0 755,502,838,589,0 205,534,360,728,0 4,484,173,678,0 61,135,127,209,0 107,68,174,166,0
sdfsdfsfff_jpg.rf.de8549155f84a7f30cd5f9f88f6c58b3.jpg 485,4,855,495,0
so241_jpg.rf.c3be9c3a5b0a4cfc31163890ef75878a.jpg 1055,253,1372,560,0 764,364,955,556,0 574,419,637,521,0 474,390,596,524,0 188,41,492,367,0
1125506397_15801322207531n_jpg.rf.e14312be41c570c14c752fd250256aa3.jpg 692,141,754,219,0 435,148,494,229,0 227,100,288,180,0
skynews-coronavirus-london-fashion-week_4920359_jpg.rf.cc22ab2e0f2d8f3472a7ddcfa6177fb7.jpg 360,465,739,893,0 771,336,1175,753,0 1396,282,1790,723,0
1539151332674193npsrq70_jpg.rf.e5f5500c15efd9f28d6bb2536dbba4fe.jpg 203,65,319,194,0
1042977068_jpg.rf.ee48a69fd6f710987596e8fdd2eea713.jpg 736,128,794,204,0 514,98,592,203,0 310,8,397,118,0
1-200102094256105_png.rf.d2ed0c139e4e35ee8889a3a8379348fb.jpg 225,49,553,456,0
RTX1GIDS_jpg.rf.dcc330d53db202ef81677d14e4e30cd9.jpg 206,50,277,141,0 687,45,908,331,0 220,101,461,417,0
1580173904-0001oc33f_jpg.rf.e46d2ed9d2510b71264546bc047bf9df.jpg 369,220,401,257,0 2,209,33,261,0 520,231,545,271,0 16,254,89,331,0 126,230,156,271,0 297,204,331,249,0 356,264,428,351,0 47,313,143,401,0 179,212,294,341,0 742,244,786,298,0 777,278,850,369,0 656,269,730,354,0 434,226,514,345,0 497,328,614,474,0 1090,372,1173,554,0 921,251,1127,535,0
1133x768_20200130000023_jpg.rf.e8a099312aa174af48c5914c4986f91a.jpg 865,70,1021,267,0 468,32,668,267,0 235,76,371,275,0 80,98,251,314,0
r1p00017o82psp0o0or_jpg.rf.f0f90c07761eece753f02beac72d5efe.jpg 308,91,525,323,0
remote_jpeg.rf.f2472419ac8ebfc38ba9bb5e215e11f8.jpg 595,403,697,508,0 523,155,616,272,0 417,219,522,345,0 123,97,271,281,0
000_1ov3n5_0_jpeg.rf.edad89426b118f4c76ba4ae3790b3f31.jpg 466,58,692,276,0
Surgical-Mask-Effectiveness_jpg.rf.f1df6e057fc624a11625a316cc488d98.jpg 467,28,842,469,0 139,51,501,450,0
sars-gettyimages-157005245_jpg.rf.e6d5283c235edb22b1eb63fc0f8e47e9.jpg 1141,278,1182,338,0 774,242,940,411,0 160,26,564,434,0 119,215,331,504,0
skypost16012020a01s_jpg.rf.f6eebdde4cc1270b8719743d530adae5.jpg 933,279,1099,464,0 451,231,587,404,0
1288788-une-employee-aide-des-voyageurs-en-provenance-de-chine-le-26-janvier-2020-a-l-aeroport-de-roissy_jpg.rf.d47cf1cb16e3f73965871b18e510cf8b.jpg 560,137,701,333,0 263,13,405,224,0
1580166133-5b61094cac11561b0cbe09826e32a924_jpg.rf.fd801022283d5bce8079887db2ef980c.jpg 26,1037,814,2467,0 415,189,1071,1011,0 203,577,874,1410,0 959,536,1684,1583,0 2396,6,3010,672,0 3314,8,3915,757,0 3035,970,3859,1999,0 1708,649,2698,2001,0
Untitled-design-13_png.rf.ff8d68dfee2ede269856144ec3380659.jpg 270,102,382,219,0
